1101101011101
0001100111100
1100100011110
1010100011110
0101110110000
0000001011011
0100110111010
1001101111100
1100100101010
1101100000100
0100111001101
0100110110100
0100110110010
0000101100110
1100100110110
0001100110000
0100100001001
0100110110000
1001100111100
0101100101011
0100110110000
1101100011011
1100100111001
1100100001010
0100110110000
0100100001001
1100100110110
0001100110000
1000100011110
0101111011011
0100110110000
1001101111010
1101100010100
1100100110110
0100110110000
1100100111001
1101100011011
1000100011110
0101100100100
0100110110000
0101100011000
1000100011110
0001100110000
1001100110011
1100100110110
0100110110000
1100100001010
1101100010100
0001100110000
1100100001010
0100110110000
0101100010111
1100100110110
0001100110000
0100100001001
0100110110000
1001100110011
0001100110000
1101100011011
0100110110000
1100100110110
0001100001100
1001100111100
0101100101011
1100100001010
0100110110000
1001100111100
0101100101011
0100110110000
1001100111100
1101100011011
0100110110000
1100100111001
0000100101110
0100100001001
0100110110000
1100100001010
1101100010100
1100100111001
0000100101110
0100100110101
1101100010100
1100100001010
0101100101011
0100110110000
1100100111001
0101100010111
0100110110000
1100100001010
1101100010100
1100100110110
0100110110000
0101100010111
0000100101110
1100100001010
0000100101110
0100100001001
1100100110110
0101111011011
0100110110000
1100101001100
1100100001010
0100110110000
1001100111100
0101100101011
0100110110000
0001100110000
0100110110000
0101100011000
0100100001001
1100100111001
0000100010010
0000100101110
1001100110011
1100100001010
0100110110000
1100100111001
0101100010111
0100110110000
1100100111001
0000100101110
0100100001001
0100110110000
1001100111100
0100100111010
0001100110000
0100100110101
1001100111100
1101100011011
0001100110000
1100100001010
1001100111100
1100100111001
1101100011011
0000111011110
0100110110000
1001100110011
0001100110000
0000100101110
0101100101011
1001100111100
1101100011011
0100100110101
0100110110000
0000100101110
0101100101011
0100110110000
1100100001010
1100100111001
0100110110000
0101100010111
1100100110110
0001100110000
0100100001001
0100110110000
1100100001010
1101100010100
1001100111100
1101100011011
0100100110101
0101100101011
0100110110000
1100100001010
1101100010100
0001100110000
1100100001010
0100110110000
0000100010010
1100100111001
0100110110000
1101100011011
1100100111001
1100100001010
0100110110000
0001100110000
1100100001010
0100110110000
0101100011000
0100100001001
1100100110110
0101100101011
1100100110110
1101100011011
1100100001010
0100110110000
0001100110000
1101100011011
0000100010010
0100110110000
0100100111010
0001100110000
0101100100100
0100110110000
1101100011011
1100100111001
1100100001010
0100110110000
1100100110110
1001100001111
1100100110110
0100100001001
0100110110000
1100100110110
0001100001100
1001100111100
0101100101011
1100100001010
0101111011011
0100110110000
1001101111010
1101100010100
0001100110000
1100100001010
0100110110000
1001100111100
0101100101011
0100110110000
1101100011011
1100100110110
0001100110000
0100100001001
0100110110000
1001100111100
1101100011011
0101100101011
0001100110000
1101100011011
1001100111100
1100100001010
0101100100100
0101111011011
0100110110000
0101101100010
1100100111001
0100110110000
1101100011011
1100100111001
1100100001010
0100110110000
0100100111010
1001100111100
0101100101011
0000100101110
1101100011011
0000100010010
1100100110110
0100100001001
0101100101011
1100100001010
0001100110000
1101100011011
0000100010010
0100110110000
0100100111010
1100100110110
0100110110000
0000100010010
0001100110000
1101100011011
0100100110101
1100100110110
0100100001001
0100110110000
1001100111100
0101100101011
0100110110000
1001100001111
1100100110110
0100100001001
0101100100100
0100110110000
0100100001001
1100100110110
0001100110000
1000100011110
0100110110000
1000100010001
0000100101110
1100100001010
0100110110000
0101100010111
1100100110110
0001100110000
0100100001001
0100110110000
1001100111100
0101100101011
0100110110000
0001100110000
0100110110000
1001100110011
1101100010100
1100100111001
1001100111100
1001100110011
1100100110110
0101111011011